((6, 0), (4, 0, 'o'))
((6, 5), (4, 5, 'o'))
((4, 0), (3, 0, 'o'))
((4, 5), (3, 5, 'o'))
((6, 5), (5, 5, 'o'))
((3, 5), (2, 5, 'o'))
((7, 0), (6, 0, 'o'))
((6, 1), (5, 1, 'o'))
((7, 1), (5, 2, 'c'))
((6, 2), (4, 2, 'o'))
((6, 7), (4, 7, 'o'))
((7, 1), (5, 0, 'o'))
((6, 1), (4, 1, 'o'))
((7, 0), (7, 1, 'o'))
((4, 1), (3, 1, 'o'))
((7, 4), (4, 7, 'c'))
((5, 5), (4, 5, 'o'))
((5, 1), (4, 1, 'o'))
((4, 7), (3, 6, 'c'))
((7, 3), (7, 4, 'o'))
((6, 6), (5, 6, 'o'))
((6, 3), (4, 3, 'o'))
((3, 6), (2, 7, 'c'))
((6, 0), (4, 0, 'o'))
((3, 1), (2, 1, 'o'))
((4, 7), (3, 7, 'o'))
((6, 2), (4, 2, 'o'))
((4, 3), (3, 3, 'o'))
((5, 2), (4, 4, 'c'))
((7, 1), (6, 1, 'o'))
((7, 4), (6, 5, 'o'))
((7, 4), (6, 3, 'o'))
((2, 1), (1, 0, 'c'))
((6, 4), (5, 4, 'o'))
((6, 3), (5, 3, 'o'))
((6, 1), (4, 1, 'o'))
((5, 6), (4, 6, 'o'))
((7, 7), (6, 7, 'c'))
((2, 7), (1, 7, 'o'))
((4, 0), (3, 0, 'o'))
((4, 5), (3, 6, 'c'))
((7, 6), (5, 5, 'o'))
((7, 2), (6, 3, 'o'))
((5, 5), (3, 6, 'o'))
((6, 5), (5, 4, 'o'))
((6, 3), (5, 3, 'o'))
((7, 7), (4, 7, 'c'))
((3, 6), (5, 7, 'o'))
((4, 7), (5, 7, 'o'))
((7, 2), (5, 0, 'o'))
((6, 0), (6, 2, 'o'))
((6, 6), (5, 6, 'o'))
((7, 6), (5, 5, 'o'))
((3, 7), (2, 6, 'o'))
((4, 6), (3, 5, 'c'))
((5, 3), (6, 2, 'o'))
((5, 7), (5, 6, 'o'))
((7, 5), (6, 4, 'o'))
((1, 7), (0, 7, 'p'))
((6, 7), (7, 7, 'o'))
((6, 3), (7, 2, 'o'))
((5, 7), (7, 6, 'o'))
((7, 2), (6, 1, 'o'))
((6, 2), (6, 3, 'o'))
((5, 4), (6, 5, 'o'))
((6, 4), (4, 6, 'o'))
((6, 2), (6, 3, 'o'))
((2, 6), (3, 5, 'c'))
((5, 5), (7, 6, 'o'))
((3, 5), (1, 5, 'o'))
((7, 5), (6, 6, 'o'))
((1, 5), (4, 5, 'o'))
((0, 7), (4, 3, 'o'))
((5, 0), (6, 1, 'o'))
((5, 6), (5, 7, 'o'))
((6, 3), (7, 3, 'o'))
((6, 3), (6, 2, 'o'))
((7, 7), (0, 7, 'o'))
((6, 1), (5, 0, 'o'))
((7, 3), (6, 2, 'o'))
((7, 6), (5, 5, 'o'))
((7, 6), (5, 7, 'o'))
((5, 0), (4, 1, 'o'))
((0, 7), (3, 7, 'o'))
((6, 5), (7, 5, 'o'))
((3, 7), (4, 7, 'o'))
((5, 7), (0, 7, 'o'))
((4, 5), (5, 5, 'o'))
((7, 5), (6, 5, 'o'))
((4, 7), (2, 7, 'o'))
((5, 5), (3, 4, 'o'))
((5, 4), (4, 3, 'c'))
((0, 7), (5, 7, 'o'))
((4, 6), (3, 5, 'o'))
((5, 3), (4, 2, 'c'))
((4, 3), (3, 4, 'c'))
((4, 4), (3, 2, 'o'))
((2, 7), (2, 0, 'c'))
((6, 6), (7, 7, 'o'))
((3, 4), (2, 4, 'o'))
((3, 6), (2, 6, 'o'))
((5, 5), (5, 1, 'c'))
((4, 1), (7, 4, 'o'))
((5, 7), (7, 6, 'o'))
((6, 5), (7, 5, 'o'))
((2, 4), (1, 3, 'c'))
((6, 2), (6, 4, 'c'))
((2, 0), (2, 1, 'o'))
((3, 5), (2, 5, 'o'))
((2, 1), (2, 6, 'o'))
((3, 2), (5, 3, 'o'))
((6, 1), (5, 0, 'o'))
((7, 3), (6, 3, 'o'))
((6, 2), (7, 1, 'o'))
((6, 4), (6, 7, 'o'))
((5, 0), (6, 1, 'o'))
((2, 5), (1, 6, 'c'))
((2, 6), (4, 6, 'o'))
((6, 3), (5, 4, 'o'))
((7, 1), (6, 1, 'c'))
((7, 4), (6, 5, 'o'))
((6, 1), (7, 2, 'o'))
((4, 2), (3, 2, 'o'))
((5, 1), (6, 0, 'o'))
((7, 7), (3, 3, 'o'))
((6, 0), (6, 4, 'o'))
((3, 2), (2, 1, 'c'))
((7, 6), (5, 5, 'o'))
((7, 5), (6, 6, 'o'))
((6, 4), (2, 0, 'o'))
((6, 6), (5, 7, 'c'))
((7, 2), (6, 1, 'o'))
((5, 3), (6, 1, 'o'))
((4, 6), (4, 5, 'o'))
((6, 7), (6, 6, 'o'))
((6, 1), (7, 2, 'o'))
((6, 5), (4, 7, 'o'))
((5, 5), (6, 3, 'o'))
((5, 4), (2, 7, 'o'))
((7, 2), (7, 3, 'o'))
((5, 7), (5, 6, 'o'))
((4, 5), (6, 5, 'o'))
((6, 6), (6, 2, 'o'))
((7, 3), (7, 4, 'o'))
((5, 6), (5, 7, 'o'))
((7, 4), (6, 4, 'o'))
((6, 2), (2, 2, 'o'))
((6, 5), (6, 6, 'o'))
((4, 7), (7, 4, 'o'))
((6, 6), (6, 5, 'o'))
((5, 7), (6, 6, 'o'))
((6, 3), (7, 1, 'o'))
((6, 6), (7, 5, 'o'))
((6, 4), (6, 3, 'o'))
((6, 1), (5, 3, 'o'))
((6, 3), (7, 3, 'o'))
((2, 7), (0, 7, 'o'))
((6, 5), (6, 1, 'o'))
((0, 7), (0, 6, 'c'))
((7, 3), (6, 3, 'o'))
((7, 4), (6, 5, 'o'))
((6, 1), (6, 0, 'o'))
((5, 3), (7, 2, 'o'))
((6, 0), (6, 1, 'o'))
((7, 5), (7, 4, 'o'))
((6, 3), (6, 4, 'o'))
((3, 3), (5, 1, 'o'))
((6, 1), (5, 1, 'o'))
((0, 6), (0, 4, 'o'))
((6, 4), (7, 3, 'c'))
((5, 1), (4, 2, 'o'))
((5, 1), (5, 3, 'o'))
((7, 2), (6, 4, 'o'))
((5, 3), (6, 3, 'o'))
((2, 2), (3, 2, 'o'))
((6, 3), (2, 3, 'o'))
((4, 2), (3, 3, 'o'))
((7, 3), (7, 4, 'o'))
((3, 2), (2, 2, 'o'))
((2, 3), (7, 3, 'o'))
((2, 1), (1, 1, 'o'))
((7, 3), (2, 3, 'o'))
((3, 3), (0, 6, 'o'))
((2, 3), (5, 3, 'o'))
((1, 1), (0, 1, 'p'))
((7, 4), (6, 3, 'o'))
((0, 6), (1, 7, 'o'))
((6, 3), (6, 2, 'o'))
((2, 2), (6, 2, 'o'))
((6, 2), (6, 3, 'o'))
((7, 4), (6, 3, 'o'))
((6, 3), (6, 4, 'o'))
((6, 4), (5, 2, 'o'))
((5, 3), (5, 2, 'o'))
((6, 3), (5, 3, 'o'))
((5, 2), (5, 7, 'o'))
((0, 1), (0, 2, 'o'))
((6, 4), (7, 5, 'c'))
((6, 5), (3, 2, 'o'))
((7, 5), (7, 6, 'o'))
((1, 7), (2, 6, 'o'))
((5, 7), (1, 7, 'o'))
((3, 2), (5, 4, 'o'))
((7, 6), (6, 5, 'o'))
((6, 2), (6, 6, 'o'))
((1, 7), (3, 7, 'o'))
((6, 6), (6, 3, 'o'))
((6, 5), (6, 6, 'o'))
((6, 3), (6, 6, 'o'))
((6, 6), (6, 5, 'o'))
((6, 6), (3, 6, 'o'))
((3, 7), (5, 7, 'o'))
((3, 6), (3, 5, 'o'))
((6, 5), (5, 4, 'o'))
((2, 6), (1, 5, 'o'))
((5, 4), (5, 5, 'o'))
((1, 5), (6, 0, 'o'))
((5, 7), (7, 7, 'o'))
((6, 0), (5, 1, 'o'))
((7, 7), (7, 3, 'o'))
((5, 4), (4, 3, 'o'))
((7, 3), (7, 6, 'o'))
((5, 1), (2, 4, 'o'))
((7, 6), (7, 3, 'o'))
((4, 3), (1, 6, 'o'))
((5, 5), (5, 6, 'o'))
((5, 2), (6, 4, 'o'))
((5, 6), (5, 7, 'o'))
((1, 6), (2, 7, 'o'))
((7, 3), (7, 7, 'o'))
((3, 5), (3, 0, 'o'))
((5, 7), (5, 6, 'o'))
((3, 0), (2, 0, 'o'))
((5, 6), (6, 6, 'o'))
((5, 3), (4, 2, 'o'))
((7, 7), (7, 6, 'o'))
((2, 7), (6, 3, 'o'))
((6, 6), (6, 5, 'o'))
((2, 4), (0, 6, 'o'))
((6, 5), (6, 4, 'o'))
((6, 4), (5, 6, 'o'))
((7, 6), (4, 6, 'o'))
((2, 0), (7, 0, 'o'))
((4, 6), (4, 0, 'o'))
((7, 0), (7, 5, 'o'))
((6, 4), (7, 5, 'o'))
((5, 6), (6, 4, 'o'))
((7, 5), (7, 6, 'o'))
((4, 2), (5, 3, 'o'))
((4, 0), (2, 0, 'o'))
((6, 4), (5, 6, 'o'))
((2, 0), (6, 0, 'o'))
((7, 5), (7, 4, 'o'))
((7, 6), (6, 6, 'o'))
((5, 6), (7, 7, 'o'))
((6, 0), (0, 0, 'c'))
((7, 4), (7, 2, 'o'))
((0, 0), (7, 0, 'o'))
((5, 3), (5, 4, 'o'))
((7, 0), (3, 0, 'o'))
((6, 3), (5, 2, 'o'))
((3, 0), (1, 0, 'o'))
((5, 2), (4, 1, 'o'))
((6, 6), (7, 7, 'o'))
((4, 1), (5, 0, 'o'))
((7, 7), (6, 6, 'o'))
((0, 6), (4, 2, 'o'))
((1, 0), (1, 4, 'o'))
((5, 4), (4, 5, 'o'))
((1, 4), (4, 4, 'o'))
((7, 2), (7, 5, 'o'))
((4, 4), (0, 4, 'o'))
((4, 2), (5, 3, 'o'))
((6, 6), (7, 7, 'o'))
((5, 3), (2, 6, 'o'))
((7, 7), (6, 7, 'o'))
((7, 5), (6, 5, 'o'))
((6, 7), (6, 6, 'o'))
((5, 0), (3, 2, 'o'))
((6, 6), (5, 7, 'o'))
((4, 5), (3, 5, 'o'))
((0, 4), (4, 4, 'o'))
((3, 5), (4, 4, 'o'))
((4, 4), (2, 4, 'o'))
((4, 4), (3, 5, 'o'))
((2, 4), (0, 4, 'o'))
((3, 2), (0, 5, 'o'))
((5, 7), (4, 7, 'o'))
((0, 5), (1, 6, 'o'))
((0, 4), (5, 4, 'o'))
((3, 5), (4, 4, 'o'))
((4, 7), (3, 6, 'o'))
((4, 4), (5, 5, 'o'))
((3, 6), (4, 7, 'o'))
((6, 5), (6, 4, 'o'))
((5, 4), (5, 5, 'o'))
((6, 4), (6, 6, 'o'))
((5, 5), (5, 3, 'o'))
((1, 6), (0, 7, 'o'))
((5, 3), (4, 3, 'o'))
((5, 5), (4, 5, 'o'))
((4, 3), (4, 6, 'o'))
((4, 5), (4, 4, 'o'))
((4, 7), (5, 6, 'o'))
((6, 6), (6, 5, 'o'))
((5, 6), (4, 5, 'o'))
((4, 4), (3, 5, 'o'))
((4, 5), (4, 4, 'o'))
((0, 7), (1, 6, 'o'))
((4, 6), (2, 6, 'o'))
((2, 6), (0, 4, 'o'))
((2, 6), (7, 6, 'o'))
((0, 4), (1, 3, 'o'))
((4, 4), (4, 5, 'o'))
((6, 5), (6, 3, 'o'))
((4, 5), (3, 5, 'o'))
((1, 6), (0, 5, 'o'))
((7, 6), (7, 5, 'o'))
((0, 5), (5, 0, 'o'))
((7, 5), (7, 3, 'o'))
((5, 0), (1, 4, 'o'))
((3, 5), (2, 5, 'o'))
((1, 4), (3, 6, 'o'))
((7, 3), (1, 3, 'o'))
((1, 3), (0, 2, 'o'))
((1, 3), (6, 3, 'o'))
((0, 2), (2, 4, 'o'))
((2, 5), (3, 6, 'o'))
((3, 5), (3, 4, 'o'))
((6, 3), (5, 3, 'c'))
((3, 4), (3, 5, 'o'))
((3, 6), (3, 7, 'o'))
((3, 6), (4, 7, 'o'))
((5, 3), (5, 1, 'o'))
((6, 3), (3, 3, 'o'))
((5, 1), (5, 2, 'o'))
((4, 7), (2, 5, 'c'))
((3, 7), (2, 7, 'o'))
((3, 3), (3, 0, 'o'))
((2, 7), (3, 6, 'o'))
((3, 0), (4, 0, 'o'))
((3, 6), (2, 6, 'o'))
((3, 5), (2, 6, 'o'))
((2, 6), (3, 7, 'c'))